Results:

Metric operation_point:
------------------------------------------------
cls_pred:
<fuse.eval.metrics.utils.PerSampleData object at 0x7f3b726c2690>

Metric accuracy:
------------------------------------------------
0.9537444933920705

Metric roc:
------------------------------------------------
volGBM.fpr:
[0.         0.         0.         0.         0.         0.
 0.         0.         0.         0.         0.         0.
 0.         0.         0.         0.         0.         0.
 0.         0.         0.         0.         0.         0.
 0.         0.         0.         0.         0.00552486 0.00552486
 0.00552486 0.00552486 0.01104972 0.01104972 0.01657459 0.01657459
 0.02209945 0.02209945 0.02762431 0.02762431 0.03314917 0.03314917
 0.0441989  0.0441989  0.04972376 0.04972376 0.06077348 0.06077348
 0.06629834 0.06629834 0.0718232  0.0718232  0.08287293 0.08287293
 0.09392265 0.09392265 0.09944751 0.09944751 0.11049724 0.11049724
 0.12707182 0.12707182 0.14364641 0.14364641 0.15469613 0.15469613
 0.68508287 0.6961326  1.        ]
volGBM.tpr:
[0.         0.16849817 0.25274725 0.2967033  0.33333333 0.37728938
 0.3956044  0.41025641 0.41758242 0.44322344 0.45787546 0.47985348
 0.49084249 0.50915751 0.52380952 0.53846154 0.54212454 0.56410256
 0.57142857 0.58608059 0.60805861 0.61904762 0.62637363 0.63003663
 0.63736264 0.64835165 0.65567766 0.67032967 0.67032967 0.68498168
 0.69230769 0.73992674 0.73992674 0.78021978 0.78021978 0.8974359
 0.8974359  0.91575092 0.91575092 0.91941392 0.91941392 0.92673993
 0.92673993 0.94505495 0.94505495 0.95970696 0.95970696 0.96336996
 0.96336996 0.96703297 0.96703297 0.97069597 0.97069597 0.97435897
 0.97435897 0.98168498 0.98168498 0.98534799 0.98534799 0.98901099
 0.98901099 0.99267399 0.99267399 0.996337   0.996337   1.
 1.         1.         1.        ]
volGBM.auc:
0.9908930848157367
volMET.fpr:
[0.         0.         0.         0.         0.         0.
 0.         0.         0.         0.         0.         0.
 0.         0.         0.         0.         0.         0.
 0.         0.         0.         0.         0.         0.
 0.003663   0.003663   0.00732601 0.00732601 0.01098901 0.01098901
 0.01465201 0.01465201 0.01831502 0.01831502 0.02564103 0.02564103
 0.02930403 0.02930403 0.03296703 0.03296703 0.03663004 0.03663004
 0.04029304 0.04029304 0.05494505 0.05494505 0.07326007 0.07326007
 0.08058608 0.08058608 0.08424908 0.08424908 0.1025641  0.1025641
 0.21611722 0.21611722 0.26007326 0.26007326 0.34432234 0.34432234
 1.        ]
volMET.tpr:
[0.         0.1878453  0.26519337 0.27071823 0.28729282 0.29281768
 0.31491713 0.32044199 0.34254144 0.37569061 0.38674033 0.40883978
 0.42541436 0.43093923 0.44198895 0.45303867 0.47513812 0.49171271
 0.50276243 0.51381215 0.52486188 0.58563536 0.59668508 0.84530387
 0.84530387 0.85635359 0.85635359 0.87292818 0.87292818 0.88950276
 0.88950276 0.90055249 0.90055249 0.90607735 0.90607735 0.91712707
 0.91712707 0.9281768  0.9281768  0.93370166 0.93370166 0.93922652
 0.93922652 0.95027624 0.95027624 0.9558011  0.9558011  0.96685083
 0.96685083 0.97237569 0.97237569 0.97790055 0.97790055 0.98342541
 0.98342541 0.98895028 0.98895028 0.99447514 0.99447514 1.
 1.        ]
volMET.auc:
0.9908323720478417

Metric auc:
------------------------------------------------
volGBM:
0.9908930848157367
volMET:
0.9908323720478417
macro_avg:
0.9908627284317892

Metric aucpr:
------------------------------------------------
volGBM:
0.9936129096208871
volMET:
0.9883560218639798
macro_avg:
0.9909844657424334

Metric Brier Skill Score:
------------------------------------------------
0.8305695615278346
